1011110 0000010
1000110 1001010 1001010 0001010
0001110 0010001 1001010 1010100
1001111 1001111
1000110 1101100 1001010 0101100
1001010 0010101 1101110 0000100
1001010 0110101 1000110 1000101
1000110 0011001
0101011 1001101 1001100 1101100
0101000 0001100 1011110 0100100
0100010 1001101 1011110 1101100
1000110 1100000 1000110 0100000
1101110 0110011 1001111 0101110
1000110 0110000 0001110 0100100
1001100 1111101
1101110 1100000 1001100 0101011
0001110 0101011 1001111 0011100
0001110 0001110 1011110 1110111
1101110 1111011 1101110 1000000
1011110 1111000
0001010 0101101 1001111 0100100
0101011 0001001 0001110 0100100
0001110 0101110 0001110 1011101
1001010 0010001 1001100 0101000
1001111 1101010 1101110 1001111
1001010 0100100 1001111 0010001
1001111 1111110 1011110 0101000
1001010 1101100 1001100 1110111
0001110 0011100
0101000 0001100 1101110 1110100
0100010 0001111 1000110 1000100
1101010 0001111 1000110 1100101
0111010 0001100 1000110 1100110
1011110 1100101 1001111 1100110
1000110 0111010
1001010 1010111 1001111 0111011
0001110 0010001 1011110 1111011
1001111 0100001 1001010 0001110
1001100 0101011 1001010 1100110
1001100 1001010 1101110 1011001
1001100 1111011 1000110 0001110
0101110 0000101 1011110 0100100
0101110 0101101 1011110 1000100
0101011 0001001 1001100 1000100
1001010 0110000
1000110 1110100 1001111 0010101
1000110 0101000 1000110 0001000
1001010 0010101 1001111 1011110
1000110 1001111 1001100 1011110
1001010 0111001 1000110 1110001
1000110 0100001 1011110 0001000
1011110 0010101 1001010 0101110
1101110 1101010 1011110 1011011
1101110 0110011 1001010 1111100
1101110 1110101 1001111 0101100
1011110 0101011 1001100 1001000
1000110 1010001 1001100 1000101
1001111 1010001 1001010 0001110
1001100 1001100 0001110 1101100
1011110 0101000 1011110 1011111
1001100 1110101
1001111 1100101 1101110 1000110
0001110 0100001 1001100 1001000
1001100 1001010 0001110 0100000
1001111 1110001 1001010 0111010
1001111 1011101 1101110 1100110
1101110 1010001 1001111 0100001
1001010 1101010 1011110 0010001
0001110 1111110 0001110 1011101
0001110 1101100 1001100 0011010
1000110 1011110 1000110 0001011
1001100 1111101 1001100 1101100
1000110 1111110 1001111 0000001
1011110 1001010 1001010 1010100
0100010 0001100 1011110 0100100
0100010 1001101 1101110 1100110
0100010 0000101 1011110 0100100
1011110 1100000 1001010 1010000
1101110 1010111 1000110 1010000
1001010 1101110 1011110 0110100
1101110 1101110 1101110 0010001
1101110 0110000 1001100 0010011
0001010 0001100 1000110 1000100
0101000 0001100 1001111 0100100
0101000 0001100 1001010 1100000
0001010 0001100 1001010 1000100
0101110 0000101 1001100 1100110
0101011 0101101 1101110 1100110
1001010 0101011 1001010 0111010
1001111 0010101 0001110 1111101
1101010 0001100 1001111 1000100
0101000 0011101 1101110 1100101
0001010 0001111 0001110 1100101
0001010 0101101 1000110 1000100
0101110 0101101 1101110 0100100
0111010 0001100 1101110 1101100
1101010 1001101 1001010 1100000
0111010 1001101 1101110 0100100
0101110 1001101 1101110 1100000
1001010 1100110
0111010 0001001 1011110 1110100
0101000 1001101 0001110 1100110
0101110 0000101 1101110 0100100
0111010 1001101 1000110 1100000
0101110 0001001 1101110 1100000
0111010 0000101 1001100 1100101
0100010 0001100 0001110 1100000
0111010 0011101 1001100 1101100
0101110 0000101 1101110 1100101
0101011 0001100 1101110 0100100
